5 -97.2262 0.00012851
10 -96.9275 0.000260788
15 -96.6285 0.000340841
20 -96.3281 0.000494751
25 -96.029 0.00064275
30 -95.7288 0.00075082
35 -95.4268 0.000892948
40 -95.126 0.00117967
50 -94.5204 0.00106843
60 -93.9132 0.00133561
25 -96.029 0.00064275
50 -94.5204 0.00106843
75 -93.0008 0.00167225
100 -91.4776 0.00199652
125 -89.962 0.00304582
150 -88.4509 0.00395508
175 -86.9388 0.00429253
200 -85.4212 0.00602427
225 -83.9137 0.00566546
250 -82.3885 0.00589138
275 -80.8608 0.0064114
300 -79.3225 0.00770148
325 -77.7686 0.00866903
350 -76.2425 0.0109799
375 -74.6873 0.00897564
400 -73.1017 0.0104405
425 -71.5243 0.0125611
450 -69.9454 0.00991398
475 -68.2982 0.0130607
500 -66.6822 0.0138201
525 -65.0349 0.0193483
550 -63.3934 0.0170162
575 -61.7192 0.0184011
600 -59.9984 0.0223388
625 -58.2453 0.0206613
650 -56.4288 0.0301138
675 -54.5833 0.0437041
700 -52.5367 0.059661
